sample_id	genome_length	covered_bases	fraction_covered	mean_coverage	aligned_reads	mapped_reads
ASM_1	1851996	1851137	0.999536176104	33.6589690552	455687	425075
ASM_22	1851996	1851408	0.999682504714	106.029225325	1447410	1340184
ASM_39	1851996	1850858	0.999385527831	25.1829578498	340778	318018
ASM_27	1851996	1814622	0.979819610841	6.8662299917	91665	84656
ASM_6	1851996	1850767	0.999336391655	24.1742056131	329533	305700
ASM_51	1851996	1850857	0.999384987873	20.0006267367	272500	254551
ASM_45	1851996	1849539	0.998673323269	11.9276857639	160334	150432
ASM_23	1851996	1851383	0.999669005765	82.2473982963	1127623	1037568
ASM_33	1851996	1849201	0.998490817475	12.1063891919	164755	152957
