sample_id	genome_length	covered_bases	fraction_covered	mean_coverage	aligned_reads	mapped_reads
ASM_13	3360834	2591763	0.771166621142	11.8049362538	228329	208557
ASM_12	3360834	2604105	0.77483892391	73.9789006204	1456694	1312792
Mock_3	3360834	2658060	0.790892974779	12.4646114083	250601	226756
ASM_53	3360834	2623683	0.780664263692	68.3070645349	1363880	1234129
ASM_3	3360834	2618275	0.77905513929	26.0281628171	525003	463284
Mock_6	3360834	2658633	0.791063468175	12.723335639	256589	231317
Mock_1	3360834	2647586	0.787776486432	9.1937995593	184720	166642
ZYMO_Standard	3360834	2544898	0.757222165689	12.1942769416	230093	212147
Mock_5	3360834	2660302	0.791560071101	15.5347332746	313696	283019
