sample_id	genome_length	covered_bases	fraction_covered	mean_coverage	aligned_reads	mapped_reads
ASM_47	1815647	1591958	0.87679928973	12.6195892103	167051	137997
ASM_13	1815647	1595735	0.878879539911	19.5923333135	256491	214142
ASM_41	1815647	1595510	0.878755617144	14.8917656423	198032	163264
ASM_12	1815647	1608885	0.886122137178	63.5017201354	850524	699591
ASM_53	1815647	1597037	0.879596639655	22.6116145086	303522	250383
ASM_46	1815647	1593620	0.877714665901	14.714796501	195357	161020
ASM_3	1815647	1592390	0.877037221442	16.1093011134	218730	175231
ASM_34	1815647	1587542	0.874367098891	10.7405933197	141010	116973
ZYMO_Standard	1815647	1623141	0.89397388369	25.4489776304	323013	283605
